x1;x2;clase
0.354543729;-0.089471232;0
0.741220229;-0.382677489;0
0.55103762;0.182285533;0
-0.663176294;0.384487595;0
-0.256861822;-1.288280455;0
0.446143553;-0.364239085;0
0.224902144;-1.079981568;0
0.120165742;0.690472434;0
-0.725627753;0.083471011;0
0.553964803;0.001650172;0
-0.504503622;0.078360358;0
-0.119970274;0.86305085;0
0.044363661;0.111010483;0
0.02688819;-1.239467288;0
-0.614945717;-0.747656426;0
-0.43869754;0.357354;0
0.541328545;-0.075542137;0
-0.635517688;-0.171868531;0
-0.244760627;-0.19878253;0
0.387534174;-0.410645954;0
0.338636998;-0.674116669;0
-0.707059471;0.473960332;0
1.544806054;1.216521938;0
-1.310249554;0.870039386;0
0.244331165;-0.062567552;0
0.145837297;-0.747800287;0
-0.432064043;-0.286038958;0
0.411317074;-0.083380553;0
-0.862021907;0.752320943;0
1.023011366;-0.656149792;0
0.156192108;0.227819228;0
-0.358756484;0.061344372;0
0.062298133;-0.475116887;0
-0.02252843;0.221641924;0
-0.162135366;-0.504170925;0
-0.306450408;-0.9960956;0
-0.278513908;-0.442240723;0
0.43434178;-0.023449239;0
0.559613122;0.130045019;0
0.65611388;1.399245778;0
0.86450867;0.280054166;0
0.140188143;-0.07916919;0
0.273153186;-0.697930946;0
-0.541603068;-0.742651164;0
0.653699081;0.173181061;0
0.565084432;0.766828964;0
0.057488256;0.700549292;0
-0.476467862;-0.041827936;0
-0.464675403;0.719982327;0
0.847875382;-0.561995526;0
-0.127872252;-0.076945274;0
-0.012844169;-0.415603271;0
-1.080914603;-0.13149786;0
0.339249357;-0.425523938;0
0.071687264;0.298039928;0
-0.916922397;0.223743925;0
0.433597067;-0.555937076;0
-0.621329804;1.088813778;0
0.102491645;-0.012438759;0
1.030646254;-0.09855593;0
1.080632314;-0.877315031;0
0.45974412;-0.045946502;0
-0.482952742;0.155235789;0
0.23749203;-0.325205278;0
0.647171806;-0.028594495;0
0.116805679;-0.396034527;0
-0.944654897;0.064626378;0
0.094595795;-0.035169057;0
0.671014601;-0.411642147;0
-0.425316987;0.373729416;0
0.294754288;-0.05660263;0
-0.551888937;-0.090713012;0
-0.379714739;0.669988436;0
-0.049242237;-0.2341149;0
-0.170463954;-0.270384972;0
-0.846607163;0.250728613;0
0.337031699;-0.259270726;0
-0.362442308;-0.460318043;0
0.717152611;0.483008546;0
0.546028024;-0.267076439;0
0.393273288;0.416082425;0
1.177247753;-0.417608854;0
-0.146604505;-0.115166081;0
-0.498707928;0.156367112;0
0.142540059;0.567966867;0
0.516071701;0.355243537;0
0.85492763;-0.112235488;0
0.586234163;0.920870235;0
0.428453058;0.108697545;0
-0.05975584;-1.026759657;0
2.09896587;2.30626499;1
1.995552748;1.13478784;1
2.003049622;1.689653976;1
2.160254895;1.942636257;1
1.861274884;1.815857751;1
2.71695197;0.730855726;1
1.517449147;1.887301569;1
1.490183294;1.267081723;1
1.521888164;1.831088157;1
3.314968838;2.217412367;1
3.050018205;2.31873462;1
1.597396674;1.087499759;1
1.963871899;2.349369654;1
0.394022237;1.655891202;1
1.147292757;2.542402059;1
2.463809154;2.203854369;1
2.934129116;2.475749675;1
2.803332563;2.004579665;1
1.67205952;3.359408642;1
1.877379492;1.591596483;1
0.669946264;1.564218922;1
2.287530289;2.790354093;1
2.482746022;2.361357611;1
2.393653327;2.645603873;1
2.90032751;1.377875295;1
2.608331754;1.805639295;1
2.053994344;2.314195568;1
2.158397535;1.010882707;1
2.159129506;2.691258646;1
2.416813601;1.404144781;1
0.964078855;1.625504846;1
2.707002883;2.474603388;1
1.243534121;2.678131609;1
1.665213034;2.05676995;1
2.11783451;1.008816689;1
2.259687848;1.588351791;1
2.351672967;2.10970621;1
2.016991626;1.42666295;1
1.645135312;2.105552376;1
2.610410909;1.877020041;1
2.909156417;1.595680765;1
2.079400508;2.05646992;1
0.924975513;0.901723292;1
3.364545437;2.170119037;1
2.084918604;1.614602833;1
2.501078781;1.6412356;1
1.086276833;2.761559517;1
1.772208188;2.354296925;1
2.685084436;2.565322517;1
1.497323063;2.393823564;1
3.389858208;1.443126205;1
1.624903661;2.278475025;1
1.749532541;2.971249377;1
1.659301152;2.175939329;1
2.129867184;1.504086211;1
2.089757139;1.969026919;1
1.175776161;1.806337576;1
1.971400669;1.129717583;1
1.722185773;2.204261649;1
1.128975994;1.495242806;1
1.20106;2.355333355;1
2.878542979;2.602848651;1
1.145680422;1.542384321;1
1.691030306;2.804612068;1
2.225759384;2.649887195;1
1.693977187;2.388829109;1
2.487704706;2.054126225;1
2.170820747;2.74102761;1
2.428501644;2.419154524;1
2.693575355;1.830358384;1
2.325586484;2.258318561;1
2.108198002;2.390566271;1
1.734925586;2.362512321;1
1.227057267;1.646616895;1
2.568228979;1.472705765;1
0.938586436;2.553665804;1
1.228997764;1.830309769;1
1.536438268;1.489228472;1
1.766940436;2.199746008;1
1.588534367;0.997183139;1
1.56312574;2.223638672;1
3.340527593;2.242618524;1
1.746532292;1.905768879;1
1.835602452;2.424296744;1
2.940086751;1.826383695;1
2.032860769;1.686661824;1
2.469551106;1.679338483;1
1.804053942;2.322340456;1
2.354065138;1.462461562;1
1.891346591;2.895945104;1