x1;x2;clase
0.522656941;0.703339038;0
-0.404617105;-0.035857569;0
0.36941748;-0.451376998;0
-0.321123197;0.12093038;0
-0.083366741;0.504385875;0
0.328238328;-0.017244433;0
-0.19073473;-0.264280821;0
-0.902643353;0.052951274;0
0.240062621;0.308847054;0
-0.302820387;0.485840881;0
-0.935452831;-0.512789992;0
0.036026302;-0.792914307;0
-0.274342086;0.367269487;0
-0.441955022;0.545292537;0
-0.09987552;0.329864778;0
0.592595599;-0.157198501;0
0.264919534;0.32000348;0
-0.739968714;-0.282283297;0
0.457102525;-0.572965822;0
0.176218479;-0.528570618;0
-1.095414314;-0.531699004;0
0.331264923;0.529398885;0
0.074396267;-0.66149778;0
-0.234648837;-0.055923576;0
-0.243881299;1.435344273;0
-0.5555184;-0.155338091;0
0.870623285;-0.45618696;0
0.259084035;0.48952053;0
-0.152405993;0.647275063;0
-0.701396656;0.227111794;0
-0.191558477;0.441115149;0
-0.013957431;-0.257962299;0
-0.619215875;-1.490079458;0
0.179163661;0.47291942;0
0.432911937;-0.391911432;0
0.637749098;-0.178118414;0
0.215715302;-0.426804792;0
0.505941205;0.535155363;0
-0.215074817;-0.243952653;0
-0.509080123;0.328835077;0
-0.340036943;1.079697927;0
0.479257934;0.517648027;0
-1.10664684;0.15421628;0
-0.133535116;-0.031274922;0
0.793833389;-0.103861224;0
-0.442027169;0.543588049;0
-0.608882439;-0.666467177;0
-0.371492051;-0.214069241;0
-0.603102481;-0.215582356;0
0.63550592;-0.743420515;0
0.136935574;-0.371824681;0
-0.900657503;-0.318384464;0
-0.350990179;-0.169936867;0
-0.093171806;-0.299851727;0
-0.280495786;-0.486146076;0
-0.254980935;-0.83581413;0
0.532672363;-0.113590174;0
-0.485889558;-0.345048916;0
-0.031835316;0.074647729;0
-0.052593045;0.037500742;0
-0.398969445;1.030788313;0
-0.286684592;-0.215042339;0
1.575518118;-0.163048027;0
1.203432297;-0.025426796;0
0.120488984;-0.468995608;0
0.064577001;0.804210369;0
0.514103444;-0.10112852;0
-0.315139502;0.459433442;0
-0.060819633;0.148550519;0
0.103812453;0.1054373;0
0.263458538;0.72997291;0
0.534019823;0.379848787;0
0.122007252;-0.365608773;0
0.03521252;0.71886642;0
-0.113009122;-0.276162191;0
-0.968422567;0.136988174;0
-0.184920146;-0.863158945;0
-0.889573181;-0.606308409;0
-0.434082958;0.087837473;0
0.429948458;-0.558373456;0
0.127113597;0.357534299;0
0.235608262;-0.590692634;0
-0.23947788;0.87363263;0
0.053720191;0.490657251;0
-0.654117278;-1.122392867;0
-0.062735582;0.09160361;0
0.382706186;-0.250512285;0
0.96688587;-0.540659066;0
1.01449248;-0.228981913;0
0.47458567;1.114613397;0
-4.506628549;0.456541627;1
2.391920168;3.061078811;1
2.390322917;-2.216969082;1
-2.873909367;-0.648699012;1
2.891973591;9.687036973;1
4.134867823;1.861165433;1
8.64372612;-4.290542009;1
3.583820016;9.713764218;1
-2.65319833;9.552035468;1
3.244223445;2.937330929;1
3.341459709;-2.393523651;1
-0.211698123;-0.447775918;1
6.383117347;0.048105287;1
5.282167305;1.489813852;1
6.245905662;2.605614716;1
1.685800051;3.392908723;1
0.055532554;2.65547062;1
1.749711793;-1.205237014;1
9.996087196;5.795012485;1
-1.624586423;1.666455048;1
-1.102090174;3.788041131;1
-3.230267845;0.674909017;1
1.251036856;-1.690768146;1
1.284656136;7.432881424;1
3.893784565;-0.480819221;1
2.314580753;0.53611344;1
1.567474435;6.394613393;1
3.39006654;14.52514896;1
-3.661648972;4.400804891;1
3.332493304;-0.786750056;1
-2.500339272;5.265754983;1
0.255887419;1.130156184;1
-2.33180124;4.160086653;1
-2.343536426;1.003730765;1
-0.065669875;1.810850527;1
8.321053775;0.656675509;1
3.970532667;1.081088368;1
1.583437225;3.810885111;1
3.061902544;3.418340309;1
5.778569891;-1.251063078;1
-3.203646416;1.033274493;1
4.068689356;6.689145167;1
0.259043662;10.07458417;1
-2.209306011;2.652635822;1
-2.758209486;5.267564993;1
3.372443831;1.392111035;1
-2.670135483;4.631635564;1
8.593942062;-0.068298571;1
-2.114590405;4.619601049;1
2.484178271;3.875552013;1
6.645672097;0.261526506;1
4.124877871;1.443264741;1
5.538642146;0.659295593;1
2.682272822;7.650413893;1
2.994456209;-1.205267575;1
0.815312695;6.960981983;1
-2.211088771;3.713054579;1
2.195059743;5.598535189;1
-0.698486735;2.694605989;1
1.398601946;-1.548132468;1
1.691194006;-0.066201146;1
2.247078596;1.547833534;1
3.104536602;0.151312998;1
7.487625141;0.125713885;1
7.244159592;7.174909239;1
-0.566500696;4.200172119;1
3.188290637;-4.507395369;1
-1.733489428;3.754460198;1
2.723479256;2.199777004;1
-0.928013539;4.86011078;1
-3.888822893;1.989905751;1
0.251396863;2.687116296;1
2.450384646;0.20799708;1
2.004367175;4.943400162;1
0.891712396;0.32651924;1
0.67839726;-5.703182371;1
-0.639336867;5.013888264;1
0.598292634;0.237383208;1
-0.275217125;-2.117981548;1
1.894784299;2.553250719;1
5.289509376;0.145525679;1
2.105479523;3.70888622;1
5.793392715;3.628071505;1
7.474919639;1.457886289;1
-1.929034554;6.123632828;1
1.631479657;0.13323615;1
12.94425282;2.962256245;1
5.074770191;4.96268109;1
-0.219883502;-3.679631986;1
3.517813211;4.687293276;1